1 1 5.501175 14.01998 9.878167
2 2 4.958954 14.68752 10.35972
3 2 4.843506 13.36026 9.589617
4 1 7.252396 17.90837 9.668275
5 2 7.046448 17.61092 -0.3256353
6 2 6.554916 18.57105 9.446329
7 1 8.498123 15.33334 2.961898
8 2 9.289169 15.71839 2.529077
9 2 7.754898 15.90047 2.63554
10 1 5.61467 19.93519 8.860221
11 2 5.540024 20.48744 9.651277
12 2 6.30809 20.35312 8.27527
13 1 5.982758 18.47561 3.935936
14 2 5.913147 19.26252 3.311235
15 2 6.781769 18.6268 4.467338
16 1 2.432602 15.06964 3.00966
17 2 2.809723 15.72731 3.647472
18 2 2.247559 14.24684 3.540004
19 1 10.13893 10.83692 4.100162
20 2 10.68115 10.38522 3.409708
21 2 10.70505 11.58016 4.407621
22 1 6.561859 16.87757 1.87836
23 2 5.678329 16.50048 1.647528
24 2 6.374802 17.47654 2.64946
25 1 3.657471 16.77806 4.770813
26 2 4.199738 16.11044 5.25239
27 2 4.315155 17.43774 4.482284
28 1 1.906265 12.88961 4.560887
29 2 2.112244 13.1871 5.484204
30 2 2.603745 12.22695 4.339007
31 1 10.87524 15.46463 8.069208
32 2 10.08417 15.07961 7.636409
33 2 11.61842 14.89754 7.742895
34 1 3.543976 10.8628 3.752866
35 2 3.618637 10.31055 4.543955
36 2 2.850571 10.4449 3.167948
37 1 3.175888 12.32239 9.043268
38 2 3.245514 11.53548 8.418568
39 2 2.376907 12.1712 9.57466
40 1 6.726028 15.72837 8.117003
41 2 6.348953 15.07067 8.754806
42 2 6.911102 16.55116 8.647337
43 1 9.234406 19.96108 9.207495
44 2 8.6922 20.41279 8.517051
45 2 8.668289 19.21783 9.514955
46 1 2.596786 13.92043 6.985715
47 2 3.480347 14.29752 6.754861
48 2 2.783859 13.32147 7.756793
49 1 8.764832 19.12732 5.495154
50 2 9.307053 19.79486 5.013632
51 2 9.422501 18.4676 5.783727
52 1 7.013596 12.80106 5.705112
53 2 7.219574 12.50356 4.781796
54 2 7.71109 13.46372 5.927003
55 1 5.767868 10.226 2.19677
56 2 4.976852 10.61105 2.629591
57 2 6.511093 10.79313 2.523116
58 1 8.651382 14.82785 6.51309
59 2 8.725967 15.3801 5.722045
60 2 7.95787 15.24577 7.098096
61 1 8.283234 13.36822 1.222666
62 2 8.352859 14.15522 1.847487
63 2 7.484253 13.51946 0.6913343
64 1 11.83336 20.17704 2.148964
65 2 11.45631 9.963249 1.511217
66 2 12.01843 19.35418 1.618674
67 1 4.127106 15.94427 1.05845
68 2 3.584824 15.49256 1.748992
69 2 3.560959 16.6875 0.7510511
70 1 7.704132 11.77023 3.280296
71 2 8.587677 11.39315 3.51115
72 2 7.891205 12.36921 2.509207
73 1 10.60849 11.67067 0.3878225
74 2 10.0663 11.00315 -0.09370851
75 2 9.950836 12.3304 0.6763876
76 1 1.90625 17.99697 0.5977263
77 2 12.15378 18.29441 -0.3255053
78 2 11.66225 17.33428 0.8196707
79 1 3.390778 20.57199 7.304114
80 2 4.181808 20.18695 7.736923
81 2 2.647583 20.00488 7.630437
82 1 10.72198 15.97014 1.405768
83 2 10.64735 15.41789 0.6147221
84 2 11.41545 15.55224 1.990741
85 1 11.0901 17.42978 6.329999
86 2 11.02048 16.64279 6.954819
87 2 11.8891 17.27854 5.798673
88 1 7.539978 10.62095 7.256307
89 2 7.917038 9.963383 6.61855
90 2 7.354889 11.44382 6.725996
91 1 5.031555 14.85374 6.165805
92 2 5.573837 15.30544 6.856325
93 2 5.597717 14.11049 5.858378
94 1 11.6692 19.02776 8.387629
95 2 10.78566 19.40485 8.618483
96 2 11.48213 18.42879 7.616551
