sphere 1 38.75 19.82625 52.147
sphere 2 38.75 19.82625 129.647
sphere 3 38.75 97.32625 52.147
sphere 4 38.75 97.32625 129.647
sphere 5 38.75 174.8262 52.147
sphere 6 38.75 174.8262 129.647
sphere 7 116.25 19.82625 52.147
sphere 8 116.25 19.82625 129.647
sphere 9 116.25 97.32625 52.147
sphere 10 116.25 97.32625 129.647
sphere 11 116.25 174.8262 52.147
sphere 12 116.25 174.8262 129.647
sphere 13 38.75 38.75 37.5
sphere 14 38.75 38.75 115
sphere 15 38.75 38.75 192.5
sphere 16 38.75 116.25 37.5
sphere 17 38.75 116.25 115
sphere 18 38.75 116.25 192.5
sphere 19 116.25 38.75 37.5
sphere 20 116.25 38.75 115
sphere 21 116.25 38.75 192.5
sphere 22 116.25 116.25 37.5
sphere 23 116.25 116.25 115
sphere 24 116.25 116.25 192.5
sphere 25 38.75 57.67375 52.147
sphere 26 38.75 57.67375 129.647
sphere 27 38.75 135.1738 52.147
sphere 28 38.75 135.1738 129.647
sphere 29 116.25 57.67375 52.147
sphere 30 116.25 57.67375 129.647
sphere 31 116.25 135.1738 52.147
sphere 32 116.25 135.1738 129.647
sphere 33 38.75 19.82625 207.147
sphere 34 38.75 19.82625 284.647
sphere 35 38.75 19.82625 362.147
sphere 36 38.75 97.32625 207.147
sphere 37 38.75 97.32625 284.647
sphere 38 38.75 97.32625 362.147
sphere 39 38.75 174.8262 207.147
sphere 40 38.75 174.8262 284.647
sphere 41 38.75 174.8262 362.147
sphere 42 116.25 19.82625 207.147
sphere 43 116.25 19.82625 284.647
sphere 44 116.25 19.82625 362.147
sphere 45 116.25 97.32625 207.147
sphere 46 116.25 97.32625 284.647
sphere 47 116.25 97.32625 362.147
sphere 48 116.25 174.8262 207.147
sphere 49 116.25 174.8262 284.647
sphere 50 116.25 174.8262 362.147
sphere 51 38.75 38.75 270
sphere 52 38.75 38.75 347.5
sphere 53 38.75 116.25 270
sphere 54 38.75 116.25 347.5
sphere 55 116.25 38.75 270
sphere 56 116.25 38.75 347.5
sphere 57 116.25 116.25 270
sphere 58 116.25 116.25 347.5
sphere 59 38.75 57.67375 207.147
sphere 60 38.75 57.67375 284.647
sphere 61 38.75 57.67375 362.147
sphere 62 38.75 135.1738 207.147
sphere 63 38.75 135.1738 284.647
sphere 64 38.75 135.1738 362.147
sphere 65 116.25 57.67375 207.147
sphere 66 116.25 57.67375 284.647
sphere 67 116.25 57.67375 362.147
sphere 68 116.25 135.1738 207.147
sphere 69 116.25 135.1738 284.647
sphere 70 116.25 135.1738 362.147
sphere 71 38.75 252.3262 52.147
sphere 72 38.75 252.3262 129.647
sphere 73 38.75 329.8263 52.147
sphere 74 38.75 329.8263 129.647
sphere 75 116.25 252.3262 52.147
sphere 76 116.25 252.3262 129.647
sphere 77 116.25 329.8263 52.147
sphere 78 116.25 329.8263 129.647
sphere 79 38.75 193.75 37.5
sphere 80 38.75 193.75 115
sphere 81 38.75 193.75 192.5
sphere 82 38.75 271.25 37.5
sphere 83 38.75 271.25 115
sphere 84 38.75 271.25 192.5
sphere 85 38.75 348.75 37.5
sphere 86 38.75 348.75 115
sphere 87 38.75 348.75 192.5
sphere 88 116.25 193.75 37.5
sphere 89 116.25 193.75 115
sphere 90 116.25 193.75 192.5
sphere 91 116.25 271.25 37.5
sphere 92 116.25 271.25 115
sphere 93 116.25 271.25 192.5
sphere 94 116.25 348.75 37.5
sphere 95 116.25 348.75 115
sphere 96 116.25 348.75 192.5
sphere 97 38.75 212.6738 52.147
sphere 98 38.75 212.6738 129.647
sphere 99 38.75 290.1737 52.147
sphere 100 38.75 290.1737 129.647
sphere 101 38.75 367.6738 52.147
sphere 102 38.75 367.6738 129.647
sphere 103 116.25 212.6738 52.147
sphere 104 116.25 212.6738 129.647
sphere 105 116.25 290.1737 52.147
sphere 106 116.25 290.1737 129.647
sphere 107 116.25 367.6738 52.147
sphere 108 116.25 367.6738 129.647
sphere 109 38.75 252.3262 207.147
sphere 110 38.75 252.3262 284.647
sphere 111 38.75 252.3262 362.147
sphere 112 38.75 329.8263 207.147
sphere 113 38.75 329.8263 284.647
sphere 114 38.75 329.8263 362.147
sphere 115 116.25 252.3262 207.147
sphere 116 116.25 252.3262 284.647
sphere 117 116.25 252.3262 362.147
sphere 118 116.25 329.8263 207.147
sphere 119 116.25 329.8263 284.647
sphere 120 116.25 329.8263 362.147
sphere 121 38.75 193.75 270
sphere 122 38.75 193.75 347.5
sphere 123 38.75 271.25 270
sphere 124 38.75 271.25 347.5
sphere 125 38.75 348.75 270
sphere 126 38.75 348.75 347.5
sphere 127 116.25 193.75 270
sphere 128 116.25 193.75 347.5
sphere 129 116.25 271.25 270
sphere 130 116.25 271.25 347.5
sphere 131 116.25 348.75 270
sphere 132 116.25 348.75 347.5
sphere 133 38.75 212.6738 207.147
sphere 134 38.75 212.6738 284.647
sphere 135 38.75 212.6738 362.147
sphere 136 38.75 290.1737 207.147
sphere 137 38.75 290.1737 284.647
sphere 138 38.75 290.1737 362.147
sphere 139 38.75 367.6738 207.147
sphere 140 38.75 367.6738 284.647
sphere 141 38.75 367.6738 362.147
sphere 142 116.25 212.6738 207.147
sphere 143 116.25 212.6738 284.647
sphere 144 116.25 212.6738 362.147
sphere 145 116.25 290.1737 207.147
sphere 146 116.25 290.1737 284.647
sphere 147 116.25 290.1737 362.147
sphere 148 116.25 367.6738 207.147
sphere 149 116.25 367.6738 284.647
sphere 150 116.25 367.6738 362.147
sphere 151 193.75 19.82625 52.147
sphere 152 193.75 19.82625 129.647
sphere 153 193.75 97.32625 52.147
sphere 154 193.75 97.32625 129.647
sphere 155 193.75 174.8262 52.147
sphere 156 193.75 174.8262 129.647
sphere 157 271.25 19.82625 52.147
sphere 158 271.25 19.82625 129.647
sphere 159 271.25 97.32625 52.147
sphere 160 271.25 97.32625 129.647
sphere 161 271.25 174.8262 52.147
sphere 162 271.25 174.8262 129.647
sphere 163 348.75 19.82625 52.147
sphere 164 348.75 19.82625 129.647
sphere 165 348.75 97.32625 52.147
sphere 166 348.75 97.32625 129.647
sphere 167 348.75 174.8262 52.147
sphere 168 348.75 174.8262 129.647
sphere 169 193.75 38.75 37.5
sphere 170 193.75 38.75 115
sphere 171 193.75 38.75 192.5
sphere 172 193.75 116.25 37.5
sphere 173 193.75 116.25 115
sphere 174 193.75 116.25 192.5
sphere 175 271.25 38.75 37.5
sphere 176 271.25 38.75 115
sphere 177 271.25 38.75 192.5
sphere 178 271.25 116.25 37.5
sphere 179 271.25 116.25 115
sphere 180 271.25 116.25 192.5
sphere 181 348.75 38.75 37.5
sphere 182 348.75 38.75 115
sphere 183 348.75 38.75 192.5
sphere 184 348.75 116.25 37.5
sphere 185 348.75 116.25 115
sphere 186 348.75 116.25 192.5
sphere 187 193.75 57.67375 52.147
sphere 188 193.75 57.67375 129.647
sphere 189 193.75 135.1738 52.147
sphere 190 193.75 135.1738 129.647
sphere 191 271.25 57.67375 52.147
sphere 192 271.25 57.67375 129.647
sphere 193 271.25 135.1738 52.147
sphere 194 271.25 135.1738 129.647
sphere 195 348.75 57.67375 52.147
sphere 196 348.75 57.67375 129.647
sphere 197 348.75 135.1738 52.147
sphere 198 348.75 135.1738 129.647
sphere 199 193.75 19.82625 207.147
sphere 200 193.75 19.82625 284.647
sphere 201 193.75 19.82625 362.147
sphere 202 193.75 97.32625 207.147
sphere 203 193.75 97.32625 284.647
sphere 204 193.75 97.32625 362.147
sphere 205 193.75 174.8262 207.147
sphere 206 193.75 174.8262 284.647
sphere 207 193.75 174.8262 362.147
sphere 208 271.25 19.82625 207.147
sphere 209 271.25 19.82625 284.647
sphere 210 271.25 19.82625 362.147
sphere 211 271.25 97.32625 207.147
sphere 212 271.25 97.32625 284.647
sphere 213 271.25 97.32625 362.147
sphere 214 271.25 174.8262 207.147
sphere 215 271.25 174.8262 284.647
sphere 216 271.25 174.8262 362.147
sphere 217 348.75 19.82625 207.147
sphere 218 348.75 19.82625 284.647
sphere 219 348.75 19.82625 362.147
sphere 220 348.75 97.32625 207.147
sphere 221 348.75 97.32625 284.647
sphere 222 348.75 97.32625 362.147
sphere 223 348.75 174.8262 207.147
sphere 224 348.75 174.8262 284.647
sphere 225 348.75 174.8262 362.147
sphere 226 193.75 38.75 270
sphere 227 193.75 38.75 347.5
sphere 228 193.75 116.25 270
sphere 229 193.75 116.25 347.5
sphere 230 271.25 38.75 270
sphere 231 271.25 38.75 347.5
sphere 232 271.25 116.25 270
sphere 233 271.25 116.25 347.5
sphere 234 348.75 38.75 270
sphere 235 348.75 38.75 347.5
sphere 236 348.75 116.25 270
sphere 237 348.75 116.25 347.5
sphere 238 193.75 57.67375 207.147
sphere 239 193.75 57.67375 284.647
sphere 240 193.75 57.67375 362.147
sphere 241 193.75 135.1738 207.147
sphere 242 193.75 135.1738 284.647
sphere 243 193.75 135.1738 362.147
sphere 244 271.25 57.67375 207.147
sphere 245 271.25 57.67375 284.647
sphere 246 271.25 57.67375 362.147
sphere 247 271.25 135.1738 207.147
sphere 248 271.25 135.1738 284.647
sphere 249 271.25 135.1738 362.147
sphere 250 348.75 57.67375 207.147
sphere 251 348.75 57.67375 284.647
sphere 252 348.75 57.67375 362.147
sphere 253 348.75 135.1738 207.147
sphere 254 348.75 135.1738 284.647
sphere 255 348.75 135.1738 362.147
sphere 256 193.75 252.3262 52.147
sphere 257 193.75 252.3262 129.647
sphere 258 193.75 329.8263 52.147
sphere 259 193.75 329.8263 129.647
sphere 260 271.25 252.3262 52.147
sphere 261 271.25 252.3262 129.647
sphere 262 271.25 329.8263 52.147
sphere 263 271.25 329.8263 129.647
sphere 264 348.75 252.3262 52.147
sphere 265 348.75 252.3262 129.647
sphere 266 348.75 329.8263 52.147
sphere 267 348.75 329.8263 129.647
sphere 268 193.75 193.75 37.5
sphere 269 193.75 193.75 115
sphere 270 193.75 193.75 192.5
sphere 271 193.75 271.25 37.5
sphere 272 193.75 271.25 115
sphere 273 193.75 271.25 192.5
sphere 274 193.75 348.75 37.5
sphere 275 193.75 348.75 115
sphere 276 193.75 348.75 192.5
sphere 277 271.25 193.75 37.5
sphere 278 271.25 193.75 115
sphere 279 271.25 193.75 192.5
sphere 280 271.25 271.25 37.5
sphere 281 271.25 271.25 115
sphere 282 271.25 271.25 192.5
sphere 283 271.25 348.75 37.5
sphere 284 271.25 348.75 115
sphere 285 271.25 348.75 192.5
sphere 286 348.75 193.75 37.5
sphere 287 348.75 193.75 115
sphere 288 348.75 193.75 192.5
sphere 289 348.75 271.25 37.5
sphere 290 348.75 271.25 115
sphere 291 348.75 271.25 192.5
sphere 292 348.75 348.75 37.5
sphere 293 348.75 348.75 115
sphere 294 348.75 348.75 192.5
sphere 295 193.75 212.6738 52.147
sphere 296 193.75 212.6738 129.647
sphere 297 193.75 290.1737 52.147
sphere 298 193.75 290.1737 129.647
sphere 299 193.75 367.6738 52.147
sphere 300 193.75 367.6738 129.647
sphere 301 271.25 212.6738 52.147
sphere 302 271.25 212.6738 129.647
sphere 303 271.25 290.1737 52.147
sphere 304 271.25 290.1737 129.647
sphere 305 271.25 367.6738 52.147
sphere 306 271.25 367.6738 129.647
sphere 307 348.75 212.6738 52.147
sphere 308 348.75 212.6738 129.647
sphere 309 348.75 290.1737 52.147
sphere 310 348.75 290.1737 129.647
sphere 311 348.75 367.6738 52.147
sphere 312 348.75 367.6738 129.647
sphere 313 193.75 252.3262 207.147
sphere 314 193.75 252.3262 284.647
sphere 315 193.75 252.3262 362.147
sphere 316 193.75 329.8263 207.147
sphere 317 193.75 329.8263 284.647
sphere 318 193.75 329.8263 362.147
sphere 319 271.25 252.3262 207.147
sphere 320 271.25 252.3262 284.647
sphere 321 271.25 252.3262 362.147
sphere 322 271.25 329.8263 207.147
sphere 323 271.25 329.8263 284.647
sphere 324 271.25 329.8263 362.147
sphere 325 348.75 252.3262 207.147
sphere 326 348.75 252.3262 284.647
sphere 327 348.75 252.3262 362.147
sphere 328 348.75 329.8263 207.147
sphere 329 348.75 329.8263 284.647
sphere 330 348.75 329.8263 362.147
sphere 331 193.75 193.75 270
sphere 332 193.75 193.75 347.5
sphere 333 193.75 271.25 270
sphere 334 193.75 271.25 347.5
sphere 335 193.75 348.75 270
sphere 336 193.75 348.75 347.5
sphere 337 271.25 193.75 270
sphere 338 271.25 193.75 347.5
sphere 339 271.25 271.25 270
sphere 340 271.25 271.25 347.5
sphere 341 271.25 348.75 270
sphere 342 271.25 348.75 347.5
sphere 343 348.75 193.75 270
sphere 344 348.75 193.75 347.5
sphere 345 348.75 271.25 270
sphere 346 348.75 271.25 347.5
sphere 347 348.75 348.75 270
sphere 348 348.75 348.75 347.5
sphere 349 193.75 212.6738 207.147
sphere 350 193.75 212.6738 284.647
sphere 351 193.75 212.6738 362.147
sphere 352 193.75 290.1737 207.147
sphere 353 193.75 290.1737 284.647
sphere 354 193.75 290.1737 362.147
sphere 355 193.75 367.6738 207.147
sphere 356 193.75 367.6738 284.647
sphere 357 193.75 367.6738 362.147
sphere 358 271.25 212.6738 207.147
sphere 359 271.25 212.6738 284.647
sphere 360 271.25 212.6738 362.147
sphere 361 271.25 290.1737 207.147
sphere 362 271.25 290.1737 284.647
sphere 363 271.25 290.1737 362.147
sphere 364 271.25 367.6738 207.147
sphere 365 271.25 367.6738 284.647
sphere 366 271.25 367.6738 362.147
sphere 367 348.75 212.6738 207.147
sphere 368 348.75 212.6738 284.647
sphere 369 348.75 212.6738 362.147
sphere 370 348.75 290.1737 207.147
sphere 371 348.75 290.1737 284.647
sphere 372 348.75 290.1737 362.147
sphere 373 348.75 367.6738 207.147
sphere 374 348.75 367.6738 284.647
sphere 375 348.75 367.6738 362.147
